{
    "type_weight_matrix": [
        {
            "Latent Semantic": 0,
            "Types": [
                "9",
                "8",
                "7",
                "6",
                "5",
                "4",
                "3",
                "2",
                "11",
                "10",
                "1",
                "0"
            ],
            "Weights": [
                0.01771882299786361,
                0.014819884723955772,
                0.014677211265729071,
                0.017620255998638916,
                0.014923964481744129,
                0.02308311528151831,
                0.014705102440247114,
                0.01821022030565559,
                0.023802373959887102,
                0.015307893036265098,
                0.020836577041014756,
                0.021346942321580967
            ]
        },
        {
            "Latent Semantic": 1,
            "Types": [
                "9",
                "8",
                "7",
                "6",
                "5",
                "4",
                "3",
                "2",
                "11",
                "10",
                "1",
                "0"
            ],
            "Weights": [
                0.017718822997863606,
                0.014819884723955772,
                0.014677211265729071,
                0.017620255998638916,
                0.014923964481744129,
                0.023083115281518306,
                0.01470510244024711,
                0.01821022030565559,
                0.023802373959887102,
                0.015307893036265096,
                0.020836577041014753,
                0.021346942321580964
            ]
        },
        {
            "Latent Semantic": 2,
            "Types": [
                "9",
                "8",
                "7",
                "6",
                "5",
                "4",
                "3",
                "2",
                "11",
                "10",
                "1",
                "0"
            ],
            "Weights": [
                0.017718822997863606,
                0.014819884723955772,
                0.014677211265729071,
                0.017620255998638916,
                0.014923964481744129,
                0.023083115281518306,
                0.014705102440247114,
                0.01821022030565559,
                0.02380237395988711,
                0.015307893036265096,
                0.020836577041014756,
                0.021346942321580967
            ]
        },
        {
            "Latent Semantic": 3,
            "Types": [
                "9",
                "8",
                "7",
                "6",
                "5",
                "4",
                "3",
                "2",
                "11",
                "10",
                "1",
                "0"
            ],
            "Weights": [
                0.8936870620128183,
                0.9110806916562653,
                0.9119367324056256,
                0.8942784640081665,
                0.9104562131095351,
                0.8615013083108901,
                0.9117693853585174,
                0.8907386781660664,
                0.8571857562406775,
                0.9081526417824097,
                0.8749805377539115,
                0.8719183460705141
            ]
        },
        {
            "Latent Semantic": 4,
            "Types": [
                "9",
                "8",
                "7",
                "6",
                "5",
                "4",
                "3",
                "2",
                "11",
                "10",
                "1",
                "0"
            ],
            "Weights": [
                0.017718822997863606,
                0.014819884723955772,
                0.014677211265729071,
                0.017620255998638916,
                0.014923964481744129,
                0.023083115281518306,
                0.01470510244024711,
                0.01821022030565559,
                0.023802373959887102,
                0.015307893036265096,
                0.020836577041014756,
                0.021346942321580964
            ]
        },
        {
            "Latent Semantic": 5,
            "Types": [
                "9",
                "8",
                "7",
                "6",
                "5",
                "4",
                "3",
                "2",
                "11",
                "10",
                "1",
                "0"
            ],
            "Weights": [
                0.017718822997863606,
                0.014819884723955772,
                0.014677211265729071,
                0.017620255998638916,
                0.014923964481744129,
                0.023083115281518306,
                0.01470510244024711,
                0.01821022030565559,
                0.023802373959887102,
                0.015307893036265096,
                0.020836577041014753,
                0.021346942321580964
            ]
        },
        {
            "Latent Semantic": 6,
            "Types": [
                "9",
                "8",
                "7",
                "6",
                "5",
                "4",
                "3",
                "2",
                "11",
                "10",
                "1",
                "0"
            ],
            "Weights": [
                0.017718822997863606,
                0.014819884723955772,
                0.014677211265729071,
                0.017620255998638916,
                0.014923964481744129,
                0.023083115281518306,
                0.01470510244024711,
                0.01821022030565559,
                0.023802373959887102,
                0.015307893036265096,
                0.020836577041014753,
                0.021346942321580967
            ]
        }
    ],
    "type-type-similarity-matrix": [
        [
            1.0,
            0.4200475489440001,
            0.2998867418328329,
            0.49510695077103317,
            0.2084478480775338,
            0.4936269778368433,
            0.6487398402003923,
            0.4887837897945544,
            0.4834971767126598,
            0.44304769356083107,
            0.4432704333226699,
            0.2679170166872028
        ],
        [
            0.4200475489440001,
            1.0,
            0.25462510350848966,
            0.5481028477883574,
            0.07028280232035278,
            0.5607449077255617,
            0.4533022235151698,
            0.553615246880638,
            0.5538114732559263,
            0.3345243665719302,
            0.4918531838629542,
            0.6153836957338326
        ],
        [
            0.2998867418328329,
            0.25462510350848966,
            1.0,
            0.6658293146663187,
            0.6731311198551841,
            0.6175215481785521,
            0.4754725965444643,
            0.6714365386465345,
            0.660763335856832,
            0.6449646221045784,
            0.7156475302855857,
            0.16584752118664958
        ],
        [
            0.49510695077103317,
            0.5481028477883574,
            0.6658293146663187,
            1.0,
            0.4941199920244439,
            0.9233373179064363,
            0.652595445302154,
            0.9637125275281365,
            0.932948581483692,
            0.6618584449867264,
            0.9060417093521395,
            0.4714369289608674
        ],
        [
            0.2084478480775338,
            0.07028280232035278,
            0.6731311198551841,
            0.4941199920244439,
            1.0,
            0.45355026606160387,
            0.3433054392665459,
            0.5083976144129383,
            0.48685557136618063,
            0.49354676689275656,
            0.4573733466764117,
            0.0
        ],
        [
            0.4936269778368433,
            0.5607449077255617,
            0.6175215481785521,
            0.9233373179064363,
            0.45355026606160387,
            1.0,
            0.668666369516528,
            0.923544194559934,
            0.9169457532533656,
            0.6542438799963881,
            0.8504291813247699,
            0.5100073520029714
        ],
        [
            0.6487398402003923,
            0.4533022235151698,
            0.4754725965444643,
            0.652595445302154,
            0.3433054392665459,
            0.668666369516528,
            1.0,
            0.6448393520200215,
            0.6471851592304574,
            0.5916162169414729,
            0.6123015696198465,
            0.36977649751615804
        ],
        [
            0.4887837897945544,
            0.553615246880638,
            0.6714365386465345,
            0.9637125275281365,
            0.5083976144129383,
            0.923544194559934,
            0.6448393520200215,
            1.0,
            0.9421220053390862,
            0.6572190289683826,
            0.9105972175585914,
            0.46928423089050175
        ],
        [
            0.4834971767126598,
            0.5538114732559263,
            0.660763335856832,
            0.932948581483692,
            0.48685557136618063,
            0.9169457532533656,
            0.6471851592304574,
            0.9421220053390862,
            1.0,
            0.657861253764883,
            0.8810119795349635,
            0.47684320243148004
        ],
        [
            0.44304769356083107,
            0.3345243665719302,
            0.6449646221045784,
            0.6618584449867264,
            0.49354676689275656,
            0.6542438799963881,
            0.5916162169414729,
            0.6572190289683826,
            0.657861253764883,
            1.0,
            0.6661575859635734,
            0.25765590179977904
        ],
        [
            0.4432704333226699,
            0.4918531838629542,
            0.7156475302855857,
            0.9060417093521395,
            0.4573733466764117,
            0.8504291813247699,
            0.6123015696198465,
            0.9105972175585914,
            0.8810119795349635,
            0.6661575859635734,
            1.0,
            0.39784684524739833
        ],
        [
            0.2679170166872028,
            0.6153836957338326,
            0.16584752118664958,
            0.4714369289608674,
            0.0,
            0.5100073520029714,
            0.36977649751615804,
            0.46928423089050175,
            0.47684320243148004,
            0.25765590179977904,
            0.39784684524739833,
            1.0
        ]
    ]
}