{
    "type_weight_matrix": [
        {
            "Latent Semantic": 0,
            "Types": [
                0.04154700483776654,
                0.029703623258827173,
                0.024805269359984727,
                0.022753764652411537,
                0.020818981942613283,
                0.01930051779694891,
                0.019097279863058515,
                0.018998427279677453,
                0.018936848033900954,
                0.017460855595116852,
                0.017460855595116852,
                0.017264407028064286
            ],
            "Weights": [
                "11",
                "8",
                "9",
                "6",
                "2",
                "5",
                "10",
                "1",
                "3",
                "7",
                "4",
                "0"
            ]
        },
        {
            "Latent Semantic": 1,
            "Types": [
                0.5404500821541738,
                0.36077256728648394,
                0.02483784735559911,
                0.022780695993535726,
                0.02084809128015225,
                0.019320024835598016,
                0.019274687684109674,
                0.01918437633370468,
                0.01901984364186852,
                0.017531856841894157,
                0.017531856841894157,
                0.017381805804182377
            ],
            "Weights": [
                "11",
                "8",
                "9",
                "6",
                "2",
                "5",
                "1",
                "10",
                "3",
                "7",
                "4",
                "0"
            ]
        },
        {
            "Latent Semantic": 2,
            "Types": [
                0.04154700483776654,
                0.029703623258827173,
                0.024805269359984727,
                0.022753764652411537,
                0.020818981942613283,
                0.01930051779694891,
                0.019097279863058515,
                0.018998427279677453,
                0.018936848033900954,
                0.017460855595116852,
                0.017460855595116852,
                0.017264407028064286
            ],
            "Weights": [
                "11",
                "8",
                "9",
                "6",
                "2",
                "5",
                "10",
                "1",
                "3",
                "7",
                "4",
                "0"
            ]
        },
        {
            "Latent Semantic": 3,
            "Types": [
                0.04154700483776654,
                0.029703623258827173,
                0.024805269359984727,
                0.022753764652411537,
                0.020818981942613283,
                0.01930051779694891,
                0.019097279863058515,
                0.018998427279677453,
                0.018936848033900954,
                0.017460855595116852,
                0.017460855595116852,
                0.017264407028064286
            ],
            "Weights": [
                "11",
                "8",
                "9",
                "6",
                "2",
                "5",
                "10",
                "1",
                "3",
                "7",
                "4",
                "0"
            ]
        },
        {
            "Latent Semantic": 4,
            "Types": [
                0.04154700483776654,
                0.029703623258827173,
                0.024805269359984727,
                0.022753764652411537,
                0.020818981942613283,
                0.01930051779694891,
                0.019097279863058515,
                0.018998427279677453,
                0.018936848033900954,
                0.017460855595116852,
                0.017460855595116852,
                0.017264407028064286
            ],
            "Weights": [
                "11",
                "8",
                "9",
                "6",
                "2",
                "5",
                "10",
                "1",
                "3",
                "7",
                "4",
                "0"
            ]
        },
        {
            "Latent Semantic": 5,
            "Types": [
                0.04154700483776654,
                0.029703623258827173,
                0.024805269359984727,
                0.022753764652411537,
                0.020818981942613283,
                0.01930051779694891,
                0.019097279863058515,
                0.018998427279677453,
                0.018936848033900954,
                0.017460855595116852,
                0.017460855595116852,
                0.017264407028064286
            ],
            "Weights": [
                "11",
                "8",
                "9",
                "6",
                "2",
                "5",
                "10",
                "1",
                "3",
                "7",
                "4",
                "0"
            ]
        },
        {
            "Latent Semantic": 6,
            "Types": [
                0.8962961590554963,
                0.8951638651825216,
                0.8951638651825216,
                0.8862959161886267,
                0.8857331759175031,
                0.8853292243510027,
                0.8841773861796575,
                0.8750569990067814,
                0.8634504807444066,
                0.8511358058444772,
                0.49070931641938015,
                0.2518148936569934
            ],
            "Weights": [
                "0",
                "7",
                "4",
                "3",
                "1",
                "10",
                "5",
                "2",
                "6",
                "9",
                "8",
                "11"
            ]
        }
    ],
    "type-type-similarity-matrix": [
        [
            1.0,
            0.671958909289846,
            0.6027314958591039,
            0.6558889913392633,
            0.7958110433510515,
            0.6683254357071431,
            0.516613619964153,
            0.7958110433510515,
            0.31499348689275875,
            0.44245661546073967,
            0.6631023910387195,
            0.14726631423816394
        ],
        [
            0.671958909289846,
            1.0,
            0.4705853928667033,
            0.47911786132260603,
            0.7038343036195979,
            0.44976119180964835,
            0.3965180152023653,
            0.7038343036195979,
            0.3987806391847156,
            0.33811424694412373,
            0.659644315826242,
            0.24759406250191773
        ],
        [
            0.6027314958591039,
            0.4705853928667033,
            1.0,
            0.5928183171443304,
            0.552418068557998,
            0.5477211256667425,
            0.41458161304760976,
            0.552418068557998,
            0.14211586400079823,
            0.4901222789425742,
            0.4898274404638727,
            0.006731262150562745
        ],
        [
            0.6558889913392633,
            0.47911786132260603,
            0.5928183171443304,
            1.0,
            0.5880353020575061,
            0.8334166911962625,
            0.5426833343523716,
            0.5880353020575061,
            0.1863492319364869,
            0.471825137662678,
            0.5193410933064944,
            0.08661066690579322
        ],
        [
            0.7958110433510515,
            0.7038343036195979,
            0.552418068557998,
            0.5880353020575061,
            1.0,
            0.615833043915198,
            0.49481111573294634,
            1.0,
            0.2284478265471317,
            0.3804493013004062,
            0.7582305441002626,
            0.06395071142036501
        ],
        [
            0.6683254357071431,
            0.44976119180964835,
            0.5477211256667425,
            0.8334166911962625,
            0.615833043915198,
            1.0,
            0.5750473510101772,
            0.615833043915198,
            0.11432908650073492,
            0.4525885836654334,
            0.5280571311042239,
            0.0010221132661822896
        ],
        [
            0.516613619964153,
            0.3965180152023653,
            0.41458161304760976,
            0.5426833343523716,
            0.49481111573294634,
            0.5750473510101772,
            1.0,
            0.49481111573294634,
            0.11208093286220389,
            0.318813492424873,
            0.4126189915340044,
            0.0
        ],
        [
            0.7958110433510515,
            0.7038343036195979,
            0.552418068557998,
            0.5880353020575061,
            1.0,
            0.615833043915198,
            0.49481111573294634,
            1.0,
            0.2284478265471317,
            0.3804493013004062,
            0.7582305441002626,
            0.06395071142036501
        ],
        [
            0.31499348689275875,
            0.3987806391847156,
            0.14211586400079823,
            0.1863492319364869,
            0.2284478265471317,
            0.11432908650073492,
            0.11208093286220389,
            0.2284478265471317,
            1.0,
            0.10672859316889749,
            0.23575922677490035,
            0.7415637790493568
        ],
        [
            0.44245661546073967,
            0.33811424694412373,
            0.4901222789425742,
            0.471825137662678,
            0.3804493013004062,
            0.4525885836654334,
            0.318813492424873,
            0.3804493013004062,
            0.10672859316889749,
            1.0,
            0.37689322033068906,
            0.0008801240309843639
        ],
        [
            0.6631023910387195,
            0.659644315826242,
            0.4898274404638727,
            0.5193410933064944,
            0.7582305441002626,
            0.5280571311042239,
            0.4126189915340044,
            0.7582305441002626,
            0.23575922677490035,
            0.37689322033068906,
            1.0,
            0.07903814320039415
        ],
        [
            0.14726631423816394,
            0.24759406250191773,
            0.006731262150562745,
            0.08661066690579322,
            0.06395071142036501,
            0.0010221132661822896,
            0.0,
            0.06395071142036501,
            0.7415637790493568,
            0.0008801240309843639,
            0.07903814320039415,
            1.0
        ]
    ]
}