{
    "type_weight_matrix": [
        {
            "Latent Semantic": 0,
            "Types": [
                "0",
                "7",
                "4",
                "3",
                "1",
                "10",
                "5",
                "2",
                "6",
                "9",
                "8",
                "11"
            ],
            "Weights": [
                0.8962961553594752,
                0.895163861577714,
                0.895163861577714,
                0.8862959136972262,
                0.8857331539717981,
                0.8853292212182966,
                0.8841773845803766,
                0.8750569971546254,
                0.8634504784269829,
                0.851135803117756,
                0.49070735120660586,
                0.2518149471384562
            ]
        },
        {
            "Latent Semantic": 1,
            "Types": [
                "11",
                "8",
                "9",
                "6",
                "2",
                "5",
                "10",
                "1",
                "3",
                "7",
                "4",
                "0"
            ],
            "Weights": [
                0.04154700483255162,
                0.02970362325547009,
                0.024805269361001248,
                0.022753764653235063,
                0.020818981943613167,
                0.01930051779747434,
                0.01909727986552117,
                0.018998427285562756,
                0.01893684803605851,
                0.017460855596902768,
                0.017460855596902768,
                0.017264407031246556
            ]
        },
        {
            "Latent Semantic": 2,
            "Types": [
                "11",
                "8",
                "9",
                "6",
                "2",
                "5",
                "10",
                "1",
                "3",
                "7",
                "4",
                "0"
            ],
            "Weights": [
                0.04154700483255162,
                0.02970362325547009,
                0.024805269361001255,
                0.022753764653235063,
                0.020818981943613167,
                0.01930051779747434,
                0.01909727986552117,
                0.018998427285562756,
                0.018936848036058513,
                0.017460855596902768,
                0.017460855596902768,
                0.017264407031246556
            ]
        },
        {
            "Latent Semantic": 3,
            "Types": [
                "11",
                "8",
                "9",
                "6",
                "2",
                "5",
                "10",
                "1",
                "3",
                "7",
                "4",
                "0"
            ],
            "Weights": [
                0.04154700483255162,
                0.02970362325547009,
                0.024805269361001248,
                0.022753764653235063,
                0.020818981943613167,
                0.01930051779747434,
                0.01909727986552117,
                0.018998427285562756,
                0.01893684803605851,
                0.017460855596902768,
                0.017460855596902768,
                0.017264407031246556
            ]
        },
        {
            "Latent Semantic": 4,
            "Types": [
                "11",
                "8",
                "9",
                "6",
                "2",
                "5",
                "10",
                "1",
                "3",
                "7",
                "4",
                "0"
            ],
            "Weights": [
                0.04154700483255162,
                0.02970362325547009,
                0.024805269361001255,
                0.022753764653235063,
                0.020818981943613167,
                0.01930051779747434,
                0.01909727986552117,
                0.018998427285562756,
                0.01893684803605851,
                0.017460855596902768,
                0.017460855596902768,
                0.017264407031246556
            ]
        },
        {
            "Latent Semantic": 5,
            "Types": [
                "11",
                "8",
                "9",
                "6",
                "2",
                "5",
                "10",
                "1",
                "3",
                "7",
                "4",
                "0"
            ],
            "Weights": [
                0.041547004832551616,
                0.02970362325547009,
                0.024805269361001248,
                0.022753764653235056,
                0.020818981943613167,
                0.019300517797474333,
                0.01909727986552117,
                0.018998427285562756,
                0.01893684803605851,
                0.017460855596902768,
                0.017460855596902768,
                0.017264407031246556
            ]
        },
        {
            "Latent Semantic": 6,
            "Types": [
                "11",
                "8",
                "9",
                "6",
                "2",
                "5",
                "1",
                "10",
                "3",
                "7",
                "4",
                "0"
            ],
            "Weights": [
                0.5404500286987857,
                0.3607745325160439,
                0.024837850077237874,
                0.022780698306841755,
                0.020848093127308984,
                0.01932002643225195,
                0.01927470960038787,
                0.01918437945409782,
                0.01901984612248158,
                0.017531860437772412,
                0.017531860437772412,
                0.017381809484292063
            ]
        }
    ],
    "type-type-similarity-matrix": [
        [
            1.0,
            0.671958909289846,
            0.6027314958591039,
            0.6558889913392633,
            0.7958110433510515,
            0.6683254357071431,
            0.516613619964153,
            0.7958110433510515,
            0.31499348689275875,
            0.44245661546073967,
            0.6631023910387195,
            0.14726631423816394
        ],
        [
            0.671958909289846,
            1.0,
            0.4705853928667033,
            0.47911786132260603,
            0.7038343036195979,
            0.44976119180964835,
            0.3965180152023653,
            0.7038343036195979,
            0.3987806391847156,
            0.33811424694412373,
            0.659644315826242,
            0.24759406250191773
        ],
        [
            0.6027314958591039,
            0.4705853928667033,
            1.0,
            0.5928183171443304,
            0.552418068557998,
            0.5477211256667425,
            0.41458161304760976,
            0.552418068557998,
            0.14211586400079823,
            0.4901222789425742,
            0.4898274404638727,
            0.006731262150562745
        ],
        [
            0.6558889913392633,
            0.47911786132260603,
            0.5928183171443304,
            1.0,
            0.5880353020575061,
            0.8334166911962625,
            0.5426833343523716,
            0.5880353020575061,
            0.1863492319364869,
            0.471825137662678,
            0.5193410933064944,
            0.08661066690579322
        ],
        [
            0.7958110433510515,
            0.7038343036195979,
            0.552418068557998,
            0.5880353020575061,
            1.0,
            0.615833043915198,
            0.49481111573294634,
            1.0,
            0.2284478265471317,
            0.3804493013004062,
            0.7582305441002626,
            0.06395071142036501
        ],
        [
            0.6683254357071431,
            0.44976119180964835,
            0.5477211256667425,
            0.8334166911962625,
            0.615833043915198,
            1.0,
            0.5750473510101772,
            0.615833043915198,
            0.11432908650073492,
            0.4525885836654334,
            0.5280571311042239,
            0.0010221132661822896
        ],
        [
            0.516613619964153,
            0.3965180152023653,
            0.41458161304760976,
            0.5426833343523716,
            0.49481111573294634,
            0.5750473510101772,
            1.0,
            0.49481111573294634,
            0.11208093286220389,
            0.318813492424873,
            0.4126189915340044,
            0.0
        ],
        [
            0.7958110433510515,
            0.7038343036195979,
            0.552418068557998,
            0.5880353020575061,
            1.0,
            0.615833043915198,
            0.49481111573294634,
            1.0,
            0.2284478265471317,
            0.3804493013004062,
            0.7582305441002626,
            0.06395071142036501
        ],
        [
            0.31499348689275875,
            0.3987806391847156,
            0.14211586400079823,
            0.1863492319364869,
            0.2284478265471317,
            0.11432908650073492,
            0.11208093286220389,
            0.2284478265471317,
            1.0,
            0.10672859316889749,
            0.23575922677490035,
            0.7415637790493568
        ],
        [
            0.44245661546073967,
            0.33811424694412373,
            0.4901222789425742,
            0.471825137662678,
            0.3804493013004062,
            0.4525885836654334,
            0.318813492424873,
            0.3804493013004062,
            0.10672859316889749,
            1.0,
            0.37689322033068906,
            0.0008801240309843639
        ],
        [
            0.6631023910387195,
            0.659644315826242,
            0.4898274404638727,
            0.5193410933064944,
            0.7582305441002626,
            0.5280571311042239,
            0.4126189915340044,
            0.7582305441002626,
            0.23575922677490035,
            0.37689322033068906,
            1.0,
            0.07903814320039415
        ],
        [
            0.14726631423816394,
            0.24759406250191773,
            0.006731262150562745,
            0.08661066690579322,
            0.06395071142036501,
            0.0010221132661822896,
            0.0,
            0.06395071142036501,
            0.7415637790493568,
            0.0008801240309843639,
            0.07903814320039415,
            1.0
        ]
    ]
}