{
    "type_weight_matrix": [
        {
            "Latent Semantic": 0,
            "Types": [
                "9",
                "8",
                "7",
                "6",
                "5",
                "4",
                "3",
                "2",
                "11",
                "10",
                "1",
                "0"
            ],
            "Weights": [
                0.011702099542145853,
                0.011479841429586008,
                0.011480665534125864,
                0.011778990795891559,
                0.01150476989446862,
                0.012074919807072574,
                0.011475126321543188,
                0.011833292343736701,
                0.012211742144923123,
                0.011572593940716755,
                0.011809517754791247,
                0.012174424828531651
            ]
        },
        {
            "Latent Semantic": 1,
            "Types": [
                "9",
                "8",
                "7",
                "6",
                "5",
                "4",
                "3",
                "2",
                "11",
                "10",
                "1",
                "0"
            ],
            "Weights": [
                0.011702099542145853,
                0.011479841429586007,
                0.011480665534125861,
                0.011778990795891557,
                0.011504769894468617,
                0.012074919807072572,
                0.011475126321543187,
                0.0118332923437367,
                0.01221174214492312,
                0.011572593940716754,
                0.011809517754791245,
                0.01217442482853165
            ]
        },
        {
            "Latent Semantic": 2,
            "Types": [
                "9",
                "8",
                "7",
                "6",
                "5",
                "4",
                "3",
                "2",
                "11",
                "10",
                "1",
                "0"
            ],
            "Weights": [
                0.011702099542145846,
                0.011479841429586,
                0.011480665534125856,
                0.01177899079589155,
                0.011504769894468612,
                0.012074919807072563,
                0.011475126321543181,
                0.011833292343736692,
                0.012211742144923113,
                0.011572593940716747,
                0.011809517754791238,
                0.012174424828531644
            ]
        },
        {
            "Latent Semantic": 3,
            "Types": [
                "9",
                "8",
                "7",
                "6",
                "5",
                "4",
                "3",
                "2",
                "11",
                "10",
                "1",
                "0"
            ],
            "Weights": [
                0.011702099542145846,
                0.011479841429586,
                0.011480665534125856,
                0.01177899079589155,
                0.011504769894468612,
                0.012074919807072563,
                0.011475126321543181,
                0.011833292343736692,
                0.012211742144923113,
                0.011572593940716747,
                0.011809517754791238,
                0.012174424828531644
            ]
        },
        {
            "Latent Semantic": 4,
            "Types": [
                "9",
                "8",
                "7",
                "6",
                "5",
                "4",
                "3",
                "2",
                "11",
                "10",
                "1",
                "0"
            ],
            "Weights": [
                0.011702099542145846,
                0.011479841429586001,
                0.011480665534125857,
                0.01177899079589155,
                0.011504769894468612,
                0.012074919807072563,
                0.011475126321543181,
                0.011833292343736694,
                0.012211742144923115,
                0.011572593940716747,
                0.011809517754791238,
                0.012174424828531644
            ]
        },
        {
            "Latent Semantic": 5,
            "Types": [
                "9",
                "8",
                "7",
                "6",
                "5",
                "4",
                "3",
                "2",
                "11",
                "10",
                "1",
                "0"
            ],
            "Weights": [
                0.011702099542145846,
                0.011479841429586001,
                0.011480665534125857,
                0.011778990795891552,
                0.011504769894468612,
                0.012074919807072563,
                0.011475126321543181,
                0.011833292343736694,
                0.012211742144923115,
                0.011572593940716748,
                0.011809517754791238,
                0.012174424828531644
            ]
        },
        {
            "Latent Semantic": 6,
            "Types": [
                "9",
                "8",
                "7",
                "6",
                "5",
                "4",
                "3",
                "2",
                "11",
                "10",
                "1",
                "0"
            ],
            "Weights": [
                0.9297874027471249,
                0.931120951422484,
                0.931116006795245,
                0.9293260552246506,
                0.9309713806331883,
                0.9275504811575646,
                0.9311492420707408,
                0.9290002459375798,
                0.9267295471304613,
                0.9305644363556995,
                0.9291428934712526,
                0.9269534510288101
            ]
        }
    ],
    "type-type-similarity-matrix": [
        [
            1.0,
            0.9034617869602871,
            0.8488839614280015,
            0.897042387235784,
            0.8330433429549013,
            0.8995208831813496,
            0.9352210078240945,
            0.8946673685788573,
            0.896111067914738,
            0.8912719413353928,
            0.8807864095233201,
            0.8545337665733403
        ],
        [
            0.9034617869602871,
            1.0,
            0.8808553381752132,
            0.9359757288710462,
            0.8583254853385232,
            0.9431245039905127,
            0.940316111930045,
            0.9345004169355444,
            0.9356988296308745,
            0.9065204210687052,
            0.9198193835754688,
            0.9385358767440832
        ],
        [
            0.8488839614280015,
            0.8808553381752132,
            1.0,
            0.94337690039667,
            0.9458141779888923,
            0.9332240767495762,
            0.8879333732948483,
            0.945384416893422,
            0.9443202890965278,
            0.9437144722127715,
            0.9573781662163264,
            0.8419438954157841
        ],
        [
            0.897042387235784,
            0.9359757288710462,
            0.94337690039667,
            1.0,
            0.9215539826151319,
            0.9879470814793065,
            0.9390396288462467,
            0.9963185451630314,
            0.9957083548402684,
            0.9526926075042831,
            0.9823352241339812,
            0.8976599598501535
        ],
        [
            0.8330433429549013,
            0.8583254853385232,
            0.9458141779888923,
            0.9215539826151319,
            1.0,
            0.9114276588706732,
            0.8661168150608571,
            0.9235571270661034,
            0.921940826237627,
            0.917970210765468,
            0.9116332238024176,
            0.8198608983411961
        ],
        [
            0.8995208831813496,
            0.9431245039905127,
            0.9332240767495762,
            0.9879470814793065,
            0.9114276588706732,
            1.0,
            0.9402343054921272,
            0.9864651791267497,
            0.9876707344207777,
            0.9490858977178178,
            0.9713599481945755,
            0.9075120045183726
        ],
        [
            0.9352210078240945,
            0.940316111930045,
            0.8879333732948483,
            0.9390396288462467,
            0.8661168150608571,
            0.9402343054921272,
            1.0,
            0.9372175505588556,
            0.9377274323432876,
            0.9234575648392318,
            0.925429400085673,
            0.8957921111645548
        ],
        [
            0.8946673685788573,
            0.9345004169355444,
            0.945384416893422,
            0.9963185451630314,
            0.9235571270661034,
            0.9864651791267497,
            0.9372175505588556,
            1.0,
            0.9950106005591612,
            0.9515461364398948,
            0.983641878314826,
            0.8953344532643581
        ],
        [
            0.896111067914738,
            0.9356988296308745,
            0.9443202890965278,
            0.9957083548402684,
            0.921940826237627,
            0.9876707344207777,
            0.9377274323432876,
            0.9950106005591612,
            1.0,
            0.952115234355378,
            0.9815519983090829,
            0.8966816003390737
        ],
        [
            0.8912719413353928,
            0.9065204210687052,
            0.9437144722127715,
            0.9526926075042831,
            0.917970210765468,
            0.9490858977178178,
            0.9234575648392318,
            0.9515461364398948,
            0.952115234355378,
            1.0,
            0.9499168181561951,
            0.8698867319601714
        ],
        [
            0.8807864095233201,
            0.9198193835754688,
            0.9573781662163264,
            0.9823352241339812,
            0.9116332238024176,
            0.9713599481945755,
            0.925429400085673,
            0.983641878314826,
            0.9815519983090829,
            0.9499168181561951,
            1.0,
            0.8809435936415388
        ],
        [
            0.8545337665733403,
            0.9385358767440832,
            0.8419438954157841,
            0.8976599598501535,
            0.8198608983411961,
            0.9075120045183726,
            0.8957921111645548,
            0.8953344532643581,
            0.8966816003390737,
            0.8698867319601714,
            0.8809435936415388,
            1.0
        ]
    ]
}