{
    "Subject": 1,
    "Weight": [
        [
            0.4056669929530982,
            0.06465862557139794,
            0.12440377632527755,
            0.14787145147368067,
            0.25739915367654564
        ],
        [
            0.46846375366680065,
            0.07869508985799795,
            0.07998013278194853,
            0.0005434184662594343,
            0.3723176052269934
        ],
        [
            0.5167945828787526,
            0.32104144996815887,
            0.0025582079914675563,
            0.15307009125226465,
            0.00653566790935646
        ],
        [
            0.7375647697673812,
            0.007122322543015222,
            0.03128439568265517,
            0.14839874929157526,
            0.07562976271537336
        ],
        [
            0.3463762052017262,
            0.2196110665289631,
            0.014779592819377336,
            0.1317855082379933,
            0.2874476272119401
        ],
        [
            0.4799933669344056,
            0.13387917760637336,
            0.04539985683865929,
            0.31955854523662997,
            0.021169053383931786
        ],
        [
            0.2900143384029269,
            0.052342646555342966,
            0.018810942968837372,
            0.337656594007014,
            0.30117547806587874
        ],
        [
            0.03953764868752219,
            0.14108699698610916,
            0.1436668695915659,
            0.5565880238166959,
            0.11912046091810681
        ],
        [
            0.07997219784985804,
            0.2668423953963149,
            0.3422338081413991,
            0.3107394635138141,
            0.00021213509861391737
        ],
        [
            0.13159045851524,
            0.17767393257342726,
            0.09764165378633281,
            0.5555414076260431,
            0.03755254749895679
        ],
        [
            0.05283786069842722,
            0.1348966526970967,
            0.2777814267641748,
            0.06261727753881507,
            0.4718667823014861
        ],
        [
            0.3086152265578906,
            0.3066532764025929,
            0.16815084724672869,
            0.13017455317307175,
            0.08640609661971604
        ],
        [
            0.3080708546703337,
            5.817541376152511e-05,
            0.17180254870886288,
            0.37475115047173,
            0.14531727073531192
        ],
        [
            0.3487484749457714,
            0.0956518707853325,
            0.4596514253465163,
            0.05952986853416722,
            0.03641836038821273
        ],
        [
            0.2563385826145875,
            0.5615395888490726,
            7.211222208206135e-05,
            0.0019082891608563394,
            0.1801414271534015
        ],
        [
            0.023313091293610727,
            0.006937648800491078,
            0.007532240467072587,
            0.7190751868580156,
            0.24314183258081004
        ],
        [
            4.455927512052878e-05,
            4.452786004573322e-05,
            0.9740174229205962,
            0.009682234957942546,
            0.01621125498629507
        ],
        [
            4.387368395418165e-05,
            0.5260799382483056,
            0.4737883341418588,
            4.3909752195143163e-05,
            4.394417368624924e-05
        ],
        [
            0.001640943109585015,
            0.9941429673703311,
            0.00046878116452223057,
            0.0017694268146403692,
            0.0019778815409212053
        ],
        [
            0.022963182498278813,
            0.024540630107354654,
            0.0013587868030443266,
            0.15955511405782608,
            0.7915822865334962
        ],
        [
            0.005669989032622379,
            0.003878920107659032,
            0.07488974345528891,
            0.007392801654806085,
            0.9081685457496236
        ],
        [
            0.010181336692584335,
            0.34062242368086443,
            0.07925773161173925,
            0.0412363260488082,
            0.5287021819660038
        ],
        [
            0.09648565621490769,
            0.42361085225005096,
            0.056435116468575,
            0.10994781579304432,
            0.31352055927342193
        ],
        [
            0.00279690327500303,
            0.004926818339236347,
            0.05783205628524373,
            0.1763346152345266,
            0.7581096068659904
        ],
        [
            6.0123410296001384e-05,
            6.011028291081127e-05,
            0.015842028418913218,
            0.6966516415274995,
            0.2873860963603804
        ],
        [
            0.013660459183000599,
            0.2029797290632712,
            0.2771285708894938,
            0.486560318013815,
            0.01967092285041936
        ],
        [
            0.2846387808881757,
            0.09861964291244776,
            0.404507805368356,
            0.12919498503318713,
            0.0830387857978335
        ],
        [
            0.1378337551491165,
            0.0023780665036026633,
            0.3901195914757656,
            0.03217155039661869,
            0.4374970364748966
        ],
        [
            0.13847079213510124,
            0.20670032497740062,
            0.1442489153543798,
            0.36498781813781295,
            0.14559214939530524
        ],
        [
            0.2789144654593151,
            0.23335467953088032,
            0.023124356810946475,
            0.42049717750457066,
            0.04410932069428765
        ],
        [
            0.19137230911255187,
            0.2943984925901258,
            0.022036422334405798,
            0.32525956873640777,
            0.16693320722650878
        ],
        [
            0.2931974242567768,
            0.08351859121600232,
            0.07910054379976303,
            0.17052514192571364,
            0.3736582988017442
        ],
        [
            0.27154129190830467,
            0.13458792443434706,
            0.2655123369418724,
            0.08614130683412602,
            0.24221713988135
        ],
        [
            0.1361182995730884,
            0.1340638715442052,
            0.3994561284003215,
            0.25634281739969655,
            0.07401888308268835
        ],
        [
            0.24418021117496047,
            0.043379435822475734,
            0.35805294578752,
            0.15847730561395823,
            0.1959101016010856
        ],
        [
            0.15607037888597164,
            0.09090113030486896,
            0.44451632884025,
            0.08487946299516944,
            0.2236326989737399
        ],
        [
            0.24090974792907027,
            0.14752548629228948,
            0.0031674447182026793,
            0.2164973208340987,
            0.39190000022633886
        ],
        [
            0.21292156327280243,
            0.23984426554827767,
            0.013507707336637786,
            0.3298736004383652,
            0.2038528634039168
        ],
        [
            0.1804389290031428,
            0.03216095008453656,
            0.11550906238500197,
            0.3707856333565057,
            0.3011054251708129
        ],
        [
            0.516052832420249,
            5.3627329413516274e-05,
            0.012770317828150142,
            0.0849630029816263,
            0.3861602194405611
        ],
        [
            0.9306017794045248,
            0.006160978821860074,
            0.010111054388994635,
            5.321110375525447e-05,
            0.05307297628086519
        ],
        [
            0.5288948569562224,
            0.08913290121106215,
            0.019124589069526937,
            0.16993712592124177,
            0.1929105268419466
        ],
        [
            0.1681731588137127,
            0.06378327464906533,
            0.018746741853208848,
            0.6844380329061976,
            0.06485879177781541
        ],
        [
            0.4369037616127992,
            0.12147846308289033,
            0.04857862461586196,
            0.39108439902993297,
            0.0019547516585155978
        ],
        [
            0.4272705002469117,
            0.161055315883802,
            0.07282811071209107,
            0.24257138211017387,
            0.09627469104702134
        ],
        [
            0.03534615517305581,
            0.27596552816023834,
            0.001967650854199432,
            0.2355474583963823,
            0.45117320741612416
        ],
        [
            0.30370372625279635,
            0.23819062065998814,
            0.014723765193927651,
            0.3948407808633407,
            0.04854110702994713
        ],
        [
            0.06300903792342753,
            0.07493515433129659,
            0.0366285171105916,
            0.29979125405520773,
            0.5256360365794767
        ],
        [
            0.0388364677671149,
            0.10845703409590761,
            0.138562234574419,
            0.10636764698746673,
            0.6077766165750919
        ],
        [
            0.2406642251676274,
            0.0007510703598605322,
            0.10236023057738589,
            0.4578124604010365,
            0.19841201349408968
        ],
        [
            0.055343474706134745,
            0.1389529209200308,
            0.17440342555901958,
            0.010547878391843178,
            0.6207523004229717
        ],
        [
            0.2462798221133634,
            0.36568941493289125,
            0.12441165867767226,
            0.026349777115094057,
            0.23726932716097915
        ],
        [
            0.37996672145616506,
            0.11253050476570929,
            0.1412193146142323,
            0.31961085386706173,
            0.046672605296831704
        ],
        [
            0.26432392887570305,
            0.07744865787362892,
            0.1470493256711836,
            0.3410866473846632,
            0.17009144019482123
        ],
        [
            0.2881412980453638,
            0.0726312262231855,
            0.40647586866000596,
            0.08897038886056029,
            0.1437812182108843
        ],
        [
            0.4741159808906485,
            0.042908628386351406,
            0.4550122607601204,
            0.01967103356731738,
            0.008292096395562328
        ],
        [
            0.437322990731473,
            0.2045224103828518,
            0.111263851371045,
            0.16712761858522523,
            0.07976312892940506
        ],
        [
            0.49877398340285867,
            0.11967831983738952,
            0.042176414942718864,
            0.2346225348206309,
            0.10474874699640203
        ],
        [
            0.6304236665142752,
            0.11584549918471773,
            0.18747759066592554,
            0.0036132967582843596,
            0.06263994687679715
        ],
        [
            0.48215675808036884,
            0.07830232251581719,
            0.16239015440591445,
            0.25167925072812275,
            0.025471514269776823
        ],
        [
            0.41964150681858203,
            0.19201615877018632,
            0.017497880254610056,
            0.36691358197476565,
            0.0039308721818558726
        ],
        [
            0.2899136699982166,
            0.4061629244893007,
            0.048953725272728454,
            0.11214599456191278,
            0.14282368567784134
        ],
        [
            0.6048484101825488,
            0.06551221294207255,
            0.20443921032540416,
            0.011347284638839324,
            0.1138528819111351
        ],
        [
            0.4672862279899168,
            0.046139539901983447,
            0.1790331288753353,
            0.22242282737288063,
            0.0851182758598838
        ]
    ]
}{
    "Subject": 2,
    "Weight": [
        [
            0.29021265061366125,
            0.10269315644215017,
            0.08902316035099696,
            0.22836656200236952,
            0.2897044705908221
        ],
        [
            0.29791471613933673,
            0.5215463433706744,
            0.17045663039071918,
            0.002664934130095267,
            0.007417375969174437
        ],
        [
            0.6241633878296674,
            0.305887122406165,
            0.05724745155822366,
            0.005444503624060143,
            0.0072575345818839
        ],
        [
            0.13218962554215843,
            0.05037532092045348,
            0.08118433279931193,
            0.32869116249228114,
            0.4075595582457949
        ],
        [
            0.03129485898575585,
            0.3410543745801307,
            0.20298788315086075,
            0.2687963368865955,
            0.15586654639665706
        ],
        [
            0.020139884113386308,
            0.23102840682467127,
            0.6673778098917232,
            0.08139386646424254,
            6.003270597675476e-05
        ],
        [
            5.862046085366572e-05,
            0.4957790179248997,
            0.3519535713484484,
            0.050743664530206595,
            0.10146512573559151
        ],
        [
            3.627985703863348e-05,
            0.09874713856825267,
            0.25777197876253993,
            0.04862578112088167,
            0.5948188216912871
        ],
        [
            3.0246757640244038e-05,
            0.46292853772224835,
            0.3398662647747939,
            3.0250334469594148e-05,
            0.1971447004108478
        ],
        [
            3.537689310175358e-05,
            0.013256902791641755,
            0.4353970923978194,
            3.537828029307068e-05,
            0.5512752496371441
        ],
        [
            0.009201445723388976,
            0.07931284009187857,
            0.5560490736741309,
            0.0003771966382866412,
            0.3550594438723149
        ],
        [
            0.13010118852400027,
            0.015342625645093352,
            0.11235354867469749,
            0.4900173560333493,
            0.2521852811228596
        ],
        [
            0.013431925161933408,
            0.18963114791291186,
            0.40283652896531796,
            0.3888368663035702,
            0.005263531656266475
        ],
        [
            0.1891879276002367,
            0.002977321235130268,
            0.6865230341821558,
            0.11704120222951665,
            0.004270514752960464
        ],
        [
            0.21245458214009277,
            0.13410192319529657,
            0.6102596141741664,
            0.004911933761440161,
            0.038271946729004275
        ],
        [
            0.3049275040079398,
            0.4638731541009877,
            4.971028076165188e-05,
            0.07014094165170086,
            0.16100868995860987
        ],
        [
            0.0918778472555923,
            0.8260799259132702,
            4.3326547143963984e-05,
            0.011492988992360655,
            0.07050591129163289
        ],
        [
            0.012213910579042612,
            0.6175592768009112,
            0.06887452312784104,
            0.18950734842765454,
            0.11184494106455052
        ],
        [
            0.14911963970225564,
            0.6107754886195231,
            0.034059271343407985,
            0.1567748775587103,
            0.049270722776102976
        ],
        [
            0.10899914788731023,
            0.22903157616234385,
            0.512540498478126,
            0.11722578112880873,
            0.032202996343411214
        ],
        [
            0.1839540986267109,
            0.15583438879486483,
            0.3168360795459289,
            0.171084071457672,
            0.17229136157482344
        ],
        [
            0.052652337265001875,
            0.029833532176042277,
            0.09008885358150989,
            0.6635241293569477,
            0.16390114762049832
        ],
        [
            0.056000277657274916,
            0.35403671259293656,
            0.20612971703684901,
            0.2667205274368062,
            0.11711276527613321
        ],
        [
            0.2827599336886614,
            0.031088648717088975,
            0.5046196807674946,
            0.08024518050291936,
            0.1012865563238356
        ],
        [
            0.045836300767459884,
            0.21378110251041613,
            0.3029650022208606,
            0.2375210871602808,
            0.19989650734098258
        ],
        [
            0.29824959811238794,
            0.4872913276920472,
            0.08288483208911546,
            0.10200410621817992,
            0.02957013588826955
        ],
        [
            0.38537420297130914,
            0.4476944942937606,
            0.14087398405536372,
            0.0013210632196588024,
            0.02473625545990776
        ],
        [
            0.1671856915314174,
            0.6149495458675935,
            0.015554123245555716,
            0.10522390504318616,
            0.09708673431224728
        ],
        [
            0.023534301908828062,
            0.5203243701031685,
            0.03453569474993371,
            0.27087188241054455,
            0.15073375082752516
        ],
        [
            0.04762728363240785,
            0.45445333462570286,
            0.4626919020640259,
            0.03505373204580161,
            0.00017374763206187363
        ],
        [
            0.04862028755336398,
            0.6574809572107274,
            0.11456686316742973,
            0.04135761257562413,
            0.1379742794928547
        ],
        [
            0.10012212040851756,
            0.10192213271530333,
            0.2275567497761441,
            0.07544046803999549,
            0.49495852906003945
        ],
        [
            0.31778946072304415,
            0.2228497539519307,
            0.02790844965434002,
            0.17872870045129016,
            0.252723635219395
        ],
        [
            0.4218167227353758,
            0.16242525110504696,
            0.20918499583122424,
            0.11904098857640388,
            0.08753204175194902
        ],
        [
            0.47345873933061167,
            0.01785400133233182,
            0.23515883793583925,
            0.24661718175165373,
            0.02691123964956357
        ],
        [
            0.278697493562013,
            0.1056172370521633,
            0.004004764585552384,
            0.2596718323270054,
            0.3520086724732659
        ],
        [
            0.3748364945250533,
            0.17376668628494027,
            6.199439902097005e-05,
            0.026491607311032825,
            0.42484321747995263
        ],
        [
            0.37662080079201654,
            0.20727644852033228,
            0.003671948283229789,
            0.08543923615667287,
            0.3269915662477486
        ],
        [
            0.3690332216973931,
            0.3763015000954145,
            0.16090060265138487,
            0.042280598122412194,
            0.05148407743339534
        ],
        [
            0.2346639478526102,
            0.24814542415558843,
            0.5101044870773652,
            0.0070177047745724795,
            6.843613986378545e-05
        ],
        [
            0.02075999313220677,
            0.22579076147691918,
            0.5307362595535902,
            0.22264877032076838,
            6.421551651547254e-05
        ],
        [
            0.1069546274179563,
            0.20158805312291675,
            0.08528760107111583,
            0.5908896689006752,
            0.015280049487335913
        ],
        [
            0.20501156464142323,
            0.37612433662330713,
            0.0736947139020087,
            0.3225692176567405,
            0.02260016717652055
        ],
        [
            0.12087655573134788,
            0.3807211412000759,
            0.10928106030330133,
            0.16497211529557057,
            0.22414912746970428
        ],
        [
            0.054523541485919126,
            0.06607625217157959,
            0.1383860304715702,
            0.5437850657376095,
            0.19722911013332153
        ],
        [
            0.10378570877095461,
            0.0003018496517078049,
            4.084386453844774e-05,
            0.4169669171900992,
            0.4789046805227001
        ],
        [
            0.13080504859190098,
            4.104335189380459e-05,
            0.00025244987951039666,
            0.13053519322574977,
            0.738366264950945
        ],
        [
            0.1524260081647678,
            0.024960726929432193,
            0.02823056198261825,
            0.014241627647648388,
            0.7801410752755333
        ],
        [
            0.4161506825878801,
            0.07930853744590839,
            4.582200276638272e-05,
            0.003211904622072108,
            0.501283053341373
        ],
        [
            0.6638952399684176,
            0.0007139022022666846,
            0.07545545468765817,
            0.06414198776569077,
            0.19579341537596687
        ],
        [
            0.41477242012562104,
            0.10080025691644737,
            0.04524658277226329,
            0.42706247004716286,
            0.012118270138505458
        ],
        [
            0.35552386077944,
            0.22437074731082698,
            0.3439014917499993,
            0.06970047745946777,
            0.006503422700266068
        ],
        [
            0.2158096662251804,
            0.18834859676772664,
            0.42510627643030807,
            0.05332445456012332,
            0.11741100601666149
        ],
        [
            0.28008086653955333,
            0.031872913171536454,
            0.35445213873671727,
            0.3217936959689174,
            0.011800385583275515
        ],
        [
            0.7789460114057822,
            0.0003660549771566909,
            0.027557072404867978,
            0.18554559828442557,
            0.007585262927767569
        ],
        [
            0.6229440665431584,
            0.004645286012721924,
            0.028656939097300473,
            0.3285124897495791,
            0.015241218597240168
        ],
        [
            0.08964192512206366,
            0.01040493358466689,
            0.023721696801533725,
            0.8759627935217268,
            0.00026865097000909556
        ],
        [
            0.04078645541242197,
            0.028444420378790997,
            0.06849949826427579,
            0.5955381203920824,
            0.26673150555242886
        ],
        [
            0.08109461839166514,
            0.06298426244498635,
            0.14680202988112617,
            0.5280939452545913,
            0.18102514402763112
        ],
        [
            0.011306437934301555,
            0.08374392167497914,
            0.10022083112160544,
            0.6013154230881516,
            0.20341338618096222
        ],
        [
            0.10063964665161641,
            0.285667654061164,
            0.07512298193888758,
            0.385733011805389,
            0.15283670554294307
        ],
        [
            0.2025751776904396,
            0.44078551092101353,
            0.2568555092770007,
            0.0728606956937247,
            0.026923106417821488
        ],
        [
            5.471062956057663e-05,
            0.4073178276117911,
            0.11755585844727244,
            0.44713251903339873,
            0.027939084277977255
        ],
        [
            0.15642641887412068,
            0.17442944790177262,
            0.505989209599243,
            0.16295007043073648,
            0.00020485319412730246
        ]
    ]
}{
    "Subject": 3,
    "Weight": [
        [
            0.1827430411723004,
            0.2514650546027709,
            0.1617007567110908,
            0.26928530743497375,
            0.134805840078864
        ],
        [
            0.07332789336957796,
            0.18630515222658295,
            0.034045587260243856,
            0.5654633667899669,
            0.14085800035362833
        ],
        [
            5.657434851848579e-05,
            0.007692621997431325,
            0.156276839432048,
            0.5283036494768494,
            0.3076703147451529
        ],
        [
            0.004995255705528186,
            0.1525288912359911,
            0.028788651543084205,
            0.4780276851452229,
            0.33565951637017377
        ],
        [
            0.002051850387381092,
            0.34400045680736685,
            0.2504432807506103,
            0.24048476087992135,
            0.16301965117472036
        ],
        [
            0.040930246950322116,
            0.09147838914138492,
            0.2867332876813299,
            0.3873891436974569,
            0.19346893252950625
        ],
        [
            0.11168726635899288,
            0.031867030660177126,
            0.3690742647686292,
            0.2574348800666521,
            0.22993655814554864
        ],
        [
            0.019055323714210995,
            0.1888394238387148,
            0.7384529405600475,
            0.011538925024886322,
            0.04211338686214031
        ],
        [
            2.8725401813637186e-05,
            0.17403789771170172,
            0.7471951286340003,
            0.07634599462554517,
            0.002392253626939175
        ],
        [
            0.0017122349823209537,
            0.08086459894280859,
            0.37453833783279467,
            0.0007397380578385152,
            0.5421450901842373
        ],
        [
            0.09784148599201849,
            0.16621489527632605,
            0.39367646393647115,
            0.037542460460889084,
            0.30472469433429517
        ],
        [
            0.011473550802310715,
            0.1509855715214425,
            0.2418080373601971,
            0.1421815321999611,
            0.4535513081160885
        ],
        [
            0.001126233836528186,
            0.005566094545652455,
            0.002206560062343099,
            5.259634461801159e-05,
            0.9910485152108582
        ],
        [
            0.18933058606022307,
            4.303038576294132e-05,
            0.36698233400620833,
            0.10372397830973201,
            0.3399200712380736
        ],
        [
            0.08637342541896394,
            0.0064725144104741195,
            0.23388524683690715,
            0.32634327683587633,
            0.3469255364977784
        ],
        [
            0.07015973485849261,
            0.04739361916948986,
            0.16928283491361917,
            0.23912287429269083,
            0.4740409367657074
        ],
        [
            0.010912073547452173,
            3.747184137771034e-05,
            0.9578761229696566,
            0.013255078021623734,
            0.017919253619889712
        ],
        [
            0.07576359289337439,
            0.028713437673959813,
            0.7017935582582288,
            0.11556319237678588,
            0.07816621879765119
        ],
        [
            0.08625712111753582,
            0.11676570576841201,
            0.29894477885018167,
            0.49762065734110916,
            0.00041173692276136656
        ],
        [
            0.20994720015182164,
            0.045923904465361896,
            0.284749156593834,
            0.4220757513883503,
            0.037303987400632156
        ],
        [
            0.2997367821587187,
            0.16162285929038736,
            0.35149964606443995,
            0.006885043711557324,
            0.18025566877489674
        ],
        [
            0.25343255622786637,
            0.250668974992801,
            0.3020712556862368,
            0.1340436172612301,
            0.05978359583186576
        ],
        [
            0.14371484653686203,
            0.3089803034560932,
            0.15478746458910947,
            0.14813816064214677,
            0.2443792247757885
        ],
        [
            0.21009696594076538,
            0.4443010899977068,
            0.33352581021915645,
            0.0015300420557282652,
            0.010546091786643053
        ],
        [
            0.36210872935540994,
            0.1963403275951458,
            0.06602038118816302,
            0.04200907404374843,
            0.33352148781753277
        ],
        [
            0.2946227749534507,
            0.02284782133672009,
            0.0009008786998263842,
            0.10523056976241668,
            0.5763979552475863
        ],
        [
            0.23069437143362923,
            0.03412221862246685,
            0.0005031724471384563,
            0.08993785839942896,
            0.6447423790973366
        ],
        [
            0.007710595364327933,
            0.18213413678292237,
            5.6400273441492846e-05,
            0.18269818479100428,
            0.6274006827883039
        ],
        [
            0.13412151724985324,
            0.06887750196599454,
            0.21713244834419665,
            0.09085386808710645,
            0.4890146643528491
        ],
        [
            0.034066649895859794,
            0.2746846552243392,
            0.37335402581400917,
            0.11025343934643886,
            0.20764122971935298
        ],
        [
            0.007052893162996687,
            0.26741643980252383,
            0.2919751122363438,
            0.09536504166362912,
            0.3381905131345067
        ],
        [
            0.006585562456238327,
            0.3175665990050444,
            0.275567525790339,
            0.01200208156357109,
            0.38827823118480725
        ],
        [
            0.01092165340742115,
            0.4025235558152278,
            0.29327427059116334,
            0.035137389049669225,
            0.25814313113651866
        ],
        [
            0.1237973819135762,
            0.5933772646365807,
            0.19392177215510228,
            0.0024072079755149104,
            0.08649637331922602
        ],
        [
            0.46568842808328853,
            0.09195302014337413,
            0.2957698819768298,
            0.0020098715506260043,
            0.14457879824588177
        ],
        [
            0.5400817048211339,
            0.0029483070988082054,
            0.10282541103703716,
            0.01910810665276553,
            0.33503647039025514
        ],
        [
            0.8102374072981514,
            0.005016267427277995,
            0.04914402328993334,
            0.07163573518641435,
            0.06396656679822299
        ],
        [
            0.5952933710539667,
            7.073457680476361e-05,
            0.05654068502933424,
            0.32838569688676345,
            0.01970951245313082
        ],
        [
            0.5065075178346837,
            0.0019268628847887315,
            0.009469448331785655,
            0.4466553579507751,
            0.03544081299796686
        ],
        [
            0.35433847993789513,
            0.07711891730921953,
            0.05375553444691629,
            0.5112955421570659,
            0.0034915261489031776
        ],
        [
            0.35979763840099005,
            0.17809380480164122,
            5.690607257420322e-05,
            0.46200570154509757,
            4.5949179696863655e-05
        ],
        [
            0.1066686419829074,
            0.18728310361045308,
            0.037172871733803535,
            0.6448413266689562,
            0.024034056003879752
        ],
        [
            5.295920139142602e-05,
            0.02296496276047859,
            0.41069580593470906,
            0.5196395699473149,
            0.04664670215610604
        ],
        [
            0.40562822850558927,
            0.18740027223142552,
            0.1884798746359123,
            0.20633139481821414,
            0.012160229808858766
        ],
        [
            0.01730920163353866,
            0.22136762174937952,
            0.487399941306418,
            0.26389995601480437,
            0.010023279295859442
        ],
        [
            0.0853408662532856,
            0.09386984436454254,
            0.2676103306218151,
            0.26510168130556827,
            0.2880772774547886
        ],
        [
            0.14505401713091512,
            0.5570867024572206,
            0.009149484354758545,
            0.003993353164773092,
            0.2847164428923328
        ],
        [
            0.2555111628259527,
            0.5254621553845603,
            0.02976207194154826,
            0.06282756728088897,
            0.12643704256704968
        ],
        [
            0.1546806825619835,
            0.24474306046942076,
            4.813827738246955e-05,
            0.4483440290492405,
            0.1521840896419729
        ],
        [
            0.47372717134208525,
            0.18856026262287076,
            9.784835014714397e-05,
            0.3375655511574722,
            4.9166527424551485e-05
        ],
        [
            0.30659426005083956,
            0.15713783965465206,
            0.026365751182863308,
            0.496347036039353,
            0.013555113072292117
        ],
        [
            0.2551465603943386,
            0.009035967638172968,
            0.002177356771707365,
            0.3843135258334521,
            0.349326589362329
        ],
        [
            0.5259179473793306,
            0.20397535425924332,
            0.09147969738473022,
            3.907881631747419e-05,
            0.17858792216037847
        ],
        [
            0.7054996686824825,
            0.0744763360248886,
            0.07574738241901477,
            0.01651046091808391,
            0.1277661519555304
        ],
        [
            0.8355422197780678,
            0.03090053931214196,
            0.0015391225658602675,
            4.025882585077625e-05,
            0.13197785951807933
        ],
        [
            0.5577398327555685,
            0.35210952970632586,
            0.014511206170623665,
            0.002387226128004595,
            0.07325220523947727
        ],
        [
            0.30396535914717954,
            0.5497579760716086,
            4.304864945551473e-05,
            0.11067546326527848,
            0.035558152866478
        ],
        [
            0.3289574273491728,
            0.3382458410795328,
            0.18433470370288652,
            0.12892695462962217,
            0.01953507323878566
        ],
        [
            0.42391862366069855,
            0.08922540229242809,
            0.25848720284554216,
            0.2283193931060079,
            4.9378095323263437e-05
        ],
        [
            0.20801276550345893,
            0.39829754509206755,
            0.2234672269016434,
            0.16758451468065885,
            0.0026379478221713578
        ],
        [
            0.0004551063966460929,
            0.2883171820212298,
            0.3856872587481969,
            0.25625320900448134,
            0.06928724382944594
        ],
        [
            0.34134852944046035,
            0.07168156509214271,
            0.33486934252982603,
            0.18008885554288934,
            0.07201170739468164
        ],
        [
            0.23260180649004278,
            0.36040819819075365,
            0.1905082306603841,
            0.1812601894019431,
            0.03522157525687619
        ],
        [
            0.11697057542117598,
            0.34546732581998324,
            0.32939878069445766,
            0.1250648605435129,
            0.0830984575208702
        ]
    ]
}{
    "Subject": 4,
    "Weight": [
        [
            0.1587715228335477,
            0.26698230916170784,
            0.20287515421173746,
            0.21257222222690372,
            0.15879879156610324
        ],
        [
            0.06197102574625138,
            0.27930906843585723,
            0.07731469271948406,
            0.3654340315298261,
            0.21597118156858125
        ],
        [
            0.12909966903529596,
            0.2642817632553243,
            0.002060132699539693,
            0.6044818761910448,
            7.655881879511608e-05
        ],
        [
            0.03872128611668498,
            8.41349409274982e-05,
            8.4188753628444e-05,
            0.9610261973597837,
            8.419282897541992e-05
        ],
        [
            0.1470353774124248,
            6.377270242310061e-05,
            6.38362983182412e-05,
            0.6777038898785974,
            0.1751331237082365
        ],
        [
            0.1052944141614941,
            0.05844695955067294,
            0.20215808993662876,
            0.0037808410094529498,
            0.6303196953417511
        ],
        [
            6.975931160606466e-05,
            0.4821319923454213,
            0.042235852717161015,
            0.15957158792587786,
            0.3159908076999337
        ],
        [
            0.2163192790955775,
            0.15564790732939848,
            0.006546749973212772,
            0.10014299514362562,
            0.5213430684581857
        ],
        [
            3.200937820300316e-05,
            3.1993272902090896e-05,
            0.22306029726225843,
            3.200492786626232e-05,
            0.7768436951587703
        ],
        [
            0.002395283651024418,
            0.2788560826105078,
            0.2291133301445532,
            0.0008388564713341218,
            0.48879644712258047
        ],
        [
            4.539665503879068e-05,
            0.09531203829559902,
            0.34965951875240403,
            0.2877975377956383,
            0.26718550850131983
        ],
        [
            0.016965764609393225,
            0.12041049470108703,
            0.5362640260974243,
            0.21111143932533366,
            0.11524827526676185
        ],
        [
            0.3688657170026995,
            0.2501526815971547,
            0.15713549743326075,
            0.222629420173915,
            0.001216683792970099
        ],
        [
            0.052019543950884976,
            0.2546315934853577,
            0.020314717982682796,
            0.21095255585271547,
            0.46208158872835914
        ],
        [
            0.05583729569926792,
            0.5796171533305335,
            0.09284425843490418,
            0.04882650099433941,
            0.22287479154095496
        ],
        [
            0.052874596176711905,
            0.637434767869206,
            0.0014976665111684007,
            0.3063729491487898,
            0.0018200202941239378
        ],
        [
            0.23411941715285434,
            0.05629777592817079,
            4.0796958487155795e-05,
            0.23952550026966146,
            0.47001650969082637
        ],
        [
            0.3920137354903301,
            0.038103860104934176,
            0.24054385965451983,
            0.10114189412661667,
            0.22819665062359926
        ],
        [
            0.19543248864148857,
            0.067879366297613,
            0.6609537240969459,
            0.038214388655142734,
            0.037520032308809834
        ],
        [
            0.4806701178443829,
            0.09311094450305663,
            5.9598474543457245e-05,
            0.29089340464410235,
            0.13526593453391467
        ],
        [
            0.3009424519230427,
            0.2605083537836666,
            0.33049453583987126,
            0.01693718636711392,
            0.09111747208630552
        ],
        [
            0.09005201168677095,
            0.1805294056730798,
            0.7223656601210323,
            0.0011421373969120478,
            0.005910785122204997
        ],
        [
            0.291875692310625,
            0.23089917316251976,
            0.023098317051933073,
            0.1486758451244391,
            0.305450972350483
        ],
        [
            0.45774393829935445,
            0.15293525435639665,
