{
    "type_weight_matrix": [
        {
            "Latent Semantic": 0,
            "Types": [
                "9",
                "8",
                "7",
                "6",
                "5",
                "4",
                "3",
                "2",
                "11",
                "10",
                "1",
                "0"
            ],
            "Weights": [
                -429.8202723971237,
                -457.17460170756334,
                -311.52469286950213,
                -406.50077999569106,
                -350.183650182502,
                -311.52469286950213,
                -338.676370979294,
                -376.3478400000895,
                -527.8883592157267,
                -346.14716162546915,
                -337.1813468153031,
                -300.67562191070806
            ]
        },
        {
            "Latent Semantic": 1,
            "Types": [
                "9",
                "8",
                "7",
                "6",
                "5",
                "4",
                "3",
                "2",
                "11",
                "10",
                "1",
                "0"
            ],
            "Weights": [
                -32.57042667570099,
                241.27046017269518,
                -112.2858608664516,
                -63.254632276902726,
                -111.822515964321,
                -112.2858608664516,
                -88.99316419212427,
                -78.19088654113936,
                295.1625490167763,
                -77.04272271668778,
                -16.572890965847552,
                -84.68267882623468
            ]
        },
        {
            "Latent Semantic": 2,
            "Types": [
                "9",
                "8",
                "7",
                "6",
                "5",
                "4",
                "3",
                "2",
                "11",
                "10",
                "1",
                "0"
            ],
            "Weights": [
                -107.81863494862459,
                25.190349151230233,
                84.71339683906156,
                -58.118781341731,
                -57.531619690279875,
                84.71339683906156,
                -61.56880724855459,
                -47.87936806775702,
                0.9305023516810059,
                71.49083600706884,
                82.2361054248579,
                38.98801187647488
            ]
        },
        {
            "Latent Semantic": 3,
            "Types": [
                "9",
                "8",
                "7",
                "6",
                "5",
                "4",
                "3",
                "2",
                "11",
                "10",
                "1",
                "0"
            ],
            "Weights": [
                97.69591213723437,
                -4.938734219995592,
                1.817709672683047,
                -82.46092012140613,
                -45.81946841021235,
                1.8177096726830555,
                -36.53997626322897,
                42.96828699874677,
                -13.125901171444,
                20.749154057504327,
                16.998885887229406,
                -3.5966953076465358
            ]
        },
        {
            "Latent Semantic": 4,
            "Types": [
                "9",
                "8",
                "7",
                "6",
                "5",
                "4",
                "3",
                "2",
                "11",
                "10",
                "1",
                "0"
            ],
            "Weights": [
                -31.59453156007221,
                7.920520580742013,
                -2.0756724274056144,
                -76.88208463690107,
                39.41779227817474,
                -2.0756724274056118,
                50.275252613982936,
                25.188546648329496,
                9.817927143735737,
                -12.469814323798863,
                -11.510967457010116,
                17.326068446553435
            ]
        },
        {
            "Latent Semantic": 5,
            "Types": [
                "9",
                "8",
                "7",
                "6",
                "5",
                "4",
                "3",
                "2",
                "11",
                "10",
                "1",
                "0"
            ],
            "Weights": [
                35.15559165744502,
                -2.3859965114353154,
                6.354066732791632,
                -18.212973490186343,
                25.62891580527021,
                6.354066732791627,
                16.271462290484962,
                -78.13541767666946,
                3.721227664246909,
                15.116986715726975,
                -6.847784354267693,
                -1.804999998887974
            ]
        },
        {
            "Latent Semantic": 6,
            "Types": [
                "9",
                "8",
                "7",
                "6",
                "5",
                "4",
                "3",
                "2",
                "11",
                "10",
                "1",
                "0"
            ],
            "Weights": [
                5.694618697600397,
                2.5524127370679013,
                26.642840999682413,
                0.5612045858791305,
                -4.810591315658498,
                26.642840999682413,
                -14.78850711252105,
                2.406218352873457,
                9.292452174619461,
                -21.07668981666212,
                -49.7289728601833,
                14.97619810867273
            ]
        }
    ],
    "type-type-similarity-matrix": [
        [
            0.0,
            67.09699940099836,
            81.25666369012636,
            70.38391468581871,
            41.76448222479008,
            67.84018426931587,
            98.87107612495222,
            41.76448222479008,
            140.11013528865172,
            114.03903107832033,
            68.90849746212334,
            174.41678260156453
        ],
        [
            67.09699940099836,
            0.0,
            108.28561599037221,
            106.54039855546073,
            60.577257286923796,
            112.54496472874732,
            123.43523881359549,
            60.577257286923796,
            122.97244532738988,
            135.38105205106496,
            69.61580662866072,
            153.89590562672086
        ],
        [
            81.25666369012636,
            108.28561599037221,
            0.0,
            83.28428939045318,
            91.54769154330252,
            92.50839672105586,
            119.74053943560465,
            91.54769154330252,
            175.470247445689,
            104.28957259686844,
            104.34987838717659,
            203.1615971165017
        ],
        [
            70.38391468581871,
            106.54039855546073,
            83.28428939045318,
            0.0,
            84.26259963726058,
            34.07268323252995,
            93.53881848947194,
            84.26259963726058,
            166.42282519910407,
            108.03204057500938,
            98.31320309501827,
            186.8231915789179
        ],
        [
            41.76448222479008,
            60.577257286923796,
            91.54769154330252,
            84.26259963726058,
            0.0,
            78.57689403026808,
            103.33052542800947,
            0.0,
            157.81204607000677,
            126.7219078242384,
            49.45113736381763,
            191.45802258847522
        ],
        [
            67.84018426931587,
            112.54496472874732,
            92.50839672105586,
            34.07268323252995,
            78.57689403026808,
            0.0,
            86.91913434684915,
            78.57689403026808,
            181.15371042052942,
            111.96665452607328,
            96.53043868087946,
            204.32933728724132
        ],
        [
            98.87107612495222,
            123.43523881359549,
            119.74053943560465,
            93.53881848947194,
            103.33052542800947,
            86.91913434684915,
            0.0,
            103.33052542800947,
            181.61354416578163,
            139.32879747409558,
            120.14197089724773,
            204.5383986979942
        ],
        [
            41.76448222479008,
            60.577257286923796,
            91.54769154330252,
            84.26259963726058,
            0.0,
            78.57689403026808,
            103.33052542800947,
            0.0,
            157.81204607000677,
            126.7219078242384,
            49.45113736381763,
            191.45802258847522
        ],
        [
            140.11013528865172,
            122.97244532738988,
            175.470247445689,
            166.42282519910407,
            157.81204607000677,
            181.15371042052942,
            181.61354416578163,
            157.81204607000677,
            0.0,
            182.70830315593824,
            156.31658397517882,
            52.860130798805585
        ],
        [
            114.03903107832033,
            135.38105205106496,
            104.28957259686844,
            108.03204057500938,
            126.7219078242384,
            111.96665452607328,
            139.32879747409558,
            126.7219078242384,
            182.70830315593824,
            0.0,
            127.44926293142476,
            204.35837953804105
        ],
        [
            68.90849746212334,
            69.61580662866072,
            104.34987838717659,
            98.31320309501827,
            49.45113736381763,
            96.53043868087946,
            120.14197089724773,
            49.45113736381763,
            156.31658397517882,
            127.44926293142476,
            0.0,
            188.37206345172282
        ],
        [
            174.41678260156453,
            153.89590562672086,
            203.1615971165017,
            186.8231915789179,
            191.45802258847522,
            204.32933728724132,
            204.5383986979942,
            191.45802258847522,
            52.860130798805585,
            204.35837953804105,
            188.37206345172282,
            0.0
        ]
    ]
}