{
    "type_weight_matrix": [
        {
            "Latent Semantic": 0,
            "Types": [
                "11",
                "8",
                "9",
                "6",
                "2",
                "5",
                "10",
                "1",
                "3",
                "7",
                "4",
                "0"
            ],
            "Weights": [
                0.04154700483239091,
                0.02970362325597722,
                0.024805269360683294,
                0.02275376465297143,
                0.020818981943297007,
                0.01930051779731539,
                0.019097279864800264,
                0.018998427283898278,
                0.018936848035476815,
                0.01746085559637333,
                0.01746085559637333,
                0.01726440703035147
            ]
        },
        {
            "Latent Semantic": 1,
            "Types": [
                "0",
                "7",
                "4",
                "3",
                "1",
                "10",
                "5",
                "2",
                "6",
                "9",
                "8",
                "11"
            ],
            "Weights": [
                0.8962961561747388,
                0.8951638625545556,
                0.8951638625545556,
                0.8862959142442031,
                0.8857331592905648,
                0.8853292219836898,
                0.8841773850999739,
                0.8750569977194689,
                0.8634504791832194,
                0.8511358039987083,
                0.49070799821227196,
                0.2518151208628596
            ]
        },
        {
            "Latent Semantic": 2,
            "Types": [
                "11",
                "8",
                "9",
                "6",
                "2",
                "5",
                "10",
                "1",
                "3",
                "7",
                "4",
                "0"
            ],
            "Weights": [
                0.04154700483239091,
                0.02970362325597722,
                0.024805269360683297,
                0.02275376465297143,
                0.020818981943297007,
                0.019300517797315394,
                0.019097279864800268,
                0.018998427283898278,
                0.01893684803547682,
                0.017460855596373333,
                0.017460855596373333,
                0.017264407030351474
            ]
        },
        {
            "Latent Semantic": 3,
            "Types": [
                "11",
                "8",
                "9",
                "6",
                "2",
                "5",
                "10",
                "1",
                "3",
                "7",
                "4",
                "0"
            ],
            "Weights": [
                0.04154700483239091,
                0.02970362325597722,
                0.024805269360683297,
                0.02275376465297143,
                0.020818981943297007,
                0.019300517797315394,
                0.019097279864800268,
                0.018998427283898278,
                0.01893684803547682,
                0.017460855596373333,
                0.017460855596373333,
                0.017264407030351474
            ]
        },
        {
            "Latent Semantic": 4,
            "Types": [
                "11",
                "8",
                "9",
                "6",
                "2",
                "5",
                "1",
                "10",
                "3",
                "7",
                "4",
                "0"
            ],
            "Weights": [
                0.5404498549751857,
                0.36077388550784206,
                0.024837849197875586,
                0.022780697551923735,
                0.020848092564045913,
                0.019320025913449085,
                0.019274704289943975,
                0.01918437869230866,
                0.01901984557841261,
                0.01753185946357789,
                0.01753185946357789,
                0.017381808673503606
            ]
        },
        {
            "Latent Semantic": 5,
            "Types": [
                "11",
                "8",
                "9",
                "6",
                "2",
                "5",
                "10",
                "1",
                "3",
                "7",
                "4",
                "0"
            ],
            "Weights": [
                0.04154700483239091,
                0.02970362325597722,
                0.024805269360683297,
                0.02275376465297143,
                0.020818981943297007,
                0.019300517797315394,
                0.019097279864800268,
                0.018998427283898278,
                0.01893684803547682,
                0.017460855596373333,
                0.017460855596373333,
                0.017264407030351474
            ]
        },
        {
            "Latent Semantic": 6,
            "Types": [
                "11",
                "8",
                "9",
                "6",
                "2",
                "5",
                "10",
                "1",
                "3",
                "7",
                "4",
                "0"
            ],
            "Weights": [
                0.04154700483239091,
                0.02970362325597722,
                0.024805269360683297,
                0.02275376465297143,
                0.020818981943297007,
                0.019300517797315394,
                0.019097279864800264,
                0.018998427283898278,
                0.01893684803547682,
                0.017460855596373333,
                0.017460855596373333,
                0.01726440703035147
            ]
        }
    ],
    "type-type-similarity-matrix": [
        [
            1.0,
            0.671958909289846,
            0.6027314958591039,
            0.6558889913392633,
            0.7958110433510515,
            0.6683254357071431,
            0.516613619964153,
            0.7958110433510515,
            0.31499348689275875,
            0.44245661546073967,
            0.6631023910387195,
            0.14726631423816394
        ],
        [
            0.671958909289846,
            1.0,
            0.4705853928667033,
            0.47911786132260603,
            0.7038343036195979,
            0.44976119180964835,
            0.3965180152023653,
            0.7038343036195979,
            0.3987806391847156,
            0.33811424694412373,
            0.659644315826242,
            0.24759406250191773
        ],
        [
            0.6027314958591039,
            0.4705853928667033,
            1.0,
            0.5928183171443304,
            0.552418068557998,
            0.5477211256667425,
            0.41458161304760976,
            0.552418068557998,
            0.14211586400079823,
            0.4901222789425742,
            0.4898274404638727,
            0.006731262150562745
        ],
        [
            0.6558889913392633,
            0.47911786132260603,
            0.5928183171443304,
            1.0,
            0.5880353020575061,
            0.8334166911962625,
            0.5426833343523716,
            0.5880353020575061,
            0.1863492319364869,
            0.471825137662678,
            0.5193410933064944,
            0.08661066690579322
        ],
        [
            0.7958110433510515,
            0.7038343036195979,
            0.552418068557998,
            0.5880353020575061,
            1.0,
            0.615833043915198,
            0.49481111573294634,
            1.0,
            0.2284478265471317,
            0.3804493013004062,
            0.7582305441002626,
            0.06395071142036501
        ],
        [
            0.6683254357071431,
            0.44976119180964835,
            0.5477211256667425,
            0.8334166911962625,
            0.615833043915198,
            1.0,
            0.5750473510101772,
            0.615833043915198,
            0.11432908650073492,
            0.4525885836654334,
            0.5280571311042239,
            0.0010221132661822896
        ],
        [
            0.516613619964153,
            0.3965180152023653,
            0.41458161304760976,
            0.5426833343523716,
            0.49481111573294634,
            0.5750473510101772,
            1.0,
            0.49481111573294634,
            0.11208093286220389,
            0.318813492424873,
            0.4126189915340044,
            0.0
        ],
        [
            0.7958110433510515,
            0.7038343036195979,
            0.552418068557998,
            0.5880353020575061,
            1.0,
            0.615833043915198,
            0.49481111573294634,
            1.0,
            0.2284478265471317,
            0.3804493013004062,
            0.7582305441002626,
            0.06395071142036501
        ],
        [
            0.31499348689275875,
            0.3987806391847156,
            0.14211586400079823,
            0.1863492319364869,
            0.2284478265471317,
            0.11432908650073492,
            0.11208093286220389,
            0.2284478265471317,
            1.0,
            0.10672859316889749,
            0.23575922677490035,
            0.7415637790493568
        ],
        [
            0.44245661546073967,
            0.33811424694412373,
            0.4901222789425742,
            0.471825137662678,
            0.3804493013004062,
            0.4525885836654334,
            0.318813492424873,
            0.3804493013004062,
            0.10672859316889749,
            1.0,
            0.37689322033068906,
            0.0008801240309843639
        ],
        [
            0.6631023910387195,
            0.659644315826242,
            0.4898274404638727,
            0.5193410933064944,
            0.7582305441002626,
            0.5280571311042239,
            0.4126189915340044,
            0.7582305441002626,
            0.23575922677490035,
            0.37689322033068906,
            1.0,
            0.07903814320039415
        ],
        [
            0.14726631423816394,
            0.24759406250191773,
            0.006731262150562745,
            0.08661066690579322,
            0.06395071142036501,
            0.0010221132661822896,
            0.0,
            0.06395071142036501,
            0.7415637790493568,
            0.0008801240309843639,
            0.07903814320039415,
            1.0
        ]
    ]
}