{
    "type_weight_matrix": [
        {
            "Latent Semantic": 0,
            "Types": [
                "9",
                "8",
                "7",
                "6",
                "5",
                "4",
                "3",
                "2",
                "11",
                "10",
                "1",
                "0"
            ],
            "Weights": [
                0.025084183634488496,
                0.05010228343907569,
                0.004824070448960639,
                0.018960985242093116,
                0.015116898556333165,
                0.004824070448960639,
                0.014155236254625805,
                0.013550879700490766,
                0.07844630113569286,
                0.0015344922582026506,
                0.0015344922582026467,
                0.0053442092786119555
            ]
        },
        {
            "Latent Semantic": 1,
            "Types": [
                "9",
                "8",
                "7",
                "6",
                "5",
                "4",
                "3",
                "2",
                "11",
                "10",
                "1",
                "0"
            ],
            "Weights": [
                0.05982521003141476,
                0.0016642353199004373,
                0.08905036653343357,
                0.06570392384112765,
                0.08399984310635279,
                0.08905036653343357,
                0.07784902174790632,
                0.07104477727747462,
                0.0016642353199004304,
                0.0722437589168045,
                0.056045339534568604,
                0.07972739201899605
            ]
        },
        {
            "Latent Semantic": 2,
            "Types": [
                "9",
                "8",
                "7",
                "6",
                "5",
                "4",
                "3",
                "2",
                "11",
                "10",
                "1",
                "0"
            ],
            "Weights": [
                0.019358585844809966,
                0.06861244808324932,
                0.013456080352730925,
                0.011370793928304325,
                0.00037583361831473395,
                0.013456080352730925,
                0.0003758336183147361,
                0.009299370258537543,
                0.09581322017418124,
                0.013520635532365892,
                0.018068816558368894,
                0.008573679651407703
            ]
        },
        {
            "Latent Semantic": 3,
            "Types": [
                "9",
                "8",
                "7",
                "6",
                "5",
                "4",
                "3",
                "2",
                "11",
                "10",
                "1",
                "0"
            ],
            "Weights": [
                0.013577133716371929,
                0.060170083531754154,
                0.016200972902750795,
                0.015103745963045189,
                0.010330476939886276,
                0.016200972902750795,
                0.009019930813818277,
                0.0,
                0.08524794166299593,
                0.013740036720101465,
                0.016430707197285357,
                0.01187921942882529
            ]
        },
        {
            "Latent Semantic": 4,
            "Types": [
                "9",
                "8",
                "7",
                "6",
                "5",
                "4",
                "3",
                "2",
                "11",
                "10",
                "1",
                "0"
            ],
            "Weights": [
                0.02008722638897559,
                0.05678488031549915,
                0.022349520222359066,
                0.0,
                0.01115394728125483,
                0.022349520222359066,
                0.012339307811983283,
                0.015103745963045189,
                0.07795143800655703,
                0.019330736318918566,
                0.021660218681673,
                0.01870919000087616
            ]
        },
        {
            "Latent Semantic": 5,
            "Types": [
                "9",
                "8",
                "7",
                "6",
                "5",
                "4",
                "3",
                "2",
                "11",
                "10",
                "1",
                "0"
            ],
            "Weights": [
                0.0,
                0.05255073889828034,
                0.0334614557742138,
                0.02008722638897559,
                0.020211277999454012,
                0.0334614557742138,
                0.01925756092679537,
                0.013577133716371929,
                0.07042815180435005,
                0.025431188714823357,
                0.027806163070558935,
                0.02753339770605755
            ]
        },
        {
            "Latent Semantic": 6,
            "Types": [
                "9",
                "8",
                "7",
                "6",
                "5",
                "4",
                "3",
                "2",
                "11",
                "10",
                "1",
                "0"
            ],
            "Weights": [
                0.030747025771481216,
                0.07025679144251923,
                0.0003692053233402486,
                0.020397666168517615,
                0.011318582662780494,
                0.0003692053233402486,
                0.011613490185067719,
                0.0140219777647618,
                0.10348027462782941,
                0.004290968722130696,
                0.007296094618602417,
                0.001476821293360996
            ]
        }
    ],
    "type-type-similarity-matrix": [
        [
            1.0,
            0.9532756976919055,
            0.9434153396918054,
            0.9509867902176503,
            0.9709164894014158,
            0.9527581664346501,
            0.9311492005360801,
            0.9709164894014158,
            0.9024315785191792,
            0.9205866996945569,
            0.9520142257364655,
            0.8785414765096121
        ],
        [
            0.9532756976919055,
            1.0,
            0.9245932023440514,
            0.925808518494552,
            0.9578158470909605,
            0.9216271218953856,
            0.9140434674383895,
            0.9578158470909605,
            0.9143657426958336,
            0.9057247677348785,
            0.9515216772228566,
            0.8928315888538244
        ],
        [
            0.9434153396918054,
            0.9245932023440514,
            1.0,
            0.9420033630455245,
            0.9362489820191005,
            0.9355799762579631,
            0.9166163433078908,
            0.9362489820191005,
            0.8778078757482182,
            0.9273759249877045,
            0.9273339298761132,
            0.8585244650906776
        ],
        [
            0.9509867902176503,
            0.925808518494552,
            0.9420033630455245,
            1.0,
            0.9413220976516765,
            0.9762728234344711,
            0.9348624219911236,
            0.9413220976516765,
            0.8841082244364208,
            0.9247697845231516,
            0.9315376862855602,
            0.8699020319921112
        ],
        [
            0.9709164894014158,
            0.9578158470909605,
            0.9362489820191005,
            0.9413220976516765,
            1.0,
            0.9452814494854039,
            0.928043776162057,
            1.0,
            0.8901045081857384,
            0.9117547314619542,
            0.9655637373907403,
            0.8666744771510483
        ],
        [
            0.9527581664346501,
            0.9216271218953856,
            0.9355799762579631,
            0.9762728234344711,
            0.9452814494854039,
            1.0,
            0.9394721679682202,
            0.9452814494854039,
            0.8738500856150673,
            0.922029839468136,
            0.9327791490063074,
            0.8577112864799791
        ],
        [
            0.9311492005360801,
            0.9140434674383895,
            0.9166163433078908,
            0.9348624219911236,
            0.928043776162057,
            0.9394721679682202,
            1.0,
            0.928043776162057,
            0.8735298714308797,
            0.9029756783236114,
            0.9163367986913321,
            0.8575657024949398
        ],
        [
            0.9709164894014158,
            0.9578158470909605,
            0.9362489820191005,
            0.9413220976516765,
            1.0,
            0.9452814494854039,
            0.928043776162057,
            1.0,
            0.8901045081857384,
            0.9117547314619542,
            0.9655637373907403,
            0.8666744771510483
        ],
        [
            0.9024315785191792,
            0.9143657426958336,
            0.8778078757482182,
            0.8841082244364208,
            0.8901045081857384,
            0.8738500856150673,
            0.8735298714308797,
            0.8901045081857384,
            1.0,
            0.872767514686655,
            0.8911459023409589,
            0.9631898184190326
        ],
        [
            0.9205866996945569,
            0.9057247677348785,
            0.9273759249877045,
            0.9247697845231516,
            0.9117547314619542,
            0.922029839468136,
            0.9029756783236114,
            0.9117547314619542,
            0.872767514686655,
            1.0,
            0.9112482235671614,
            0.8576910623430104
        ],
        [
            0.9520142257364655,
            0.9515216772228566,
            0.9273339298761132,
            0.9315376862855602,
            0.9655637373907403,
            0.9327791490063074,
            0.9163367986913321,
            0.9655637373907403,
            0.8911459023409589,
            0.9112482235671614,
            1.0,
            0.8688234448977923
        ],
        [
            0.8785414765096121,
            0.8928315888538244,
            0.8585244650906776,
            0.8699020319921112,
            0.8666744771510483,
            0.8577112864799791,
            0.8575657024949398,
            0.8666744771510483,
            0.9631898184190326,
            0.8576910623430104,
            0.8688234448977923,
            1.0
        ]
    ]
}